pride parade index,gay bars index,lat,long
1,15,34.093828,-118.381697
0,17,37.758057,-122.43541
1,5,40.742039,-74.00062
1,10,40.734012,-74.006746
1,9,37.773134,-122.411167
1,9,29.96744,-90.064783
1,5,38.919144,-77.037381
0,12,47.611046,-122.293207
1,8,33.799884,-84.385805
1,2,34.10781,-118.362247
1,3,38.904674,-77.031578
1,9,39.951735,-75.158654
1,9,41.940293,-87.646857
1,2,40.750633,-73.997177
1,5,25.779808,-80.1532
1,1,38.907017,-77.041569
0,8,40.75926,-73.98986
1,0,37.789864,-122.393665
1,5,41.956949,-87.654272
1,2,33.771126,-84.378108
1,4,39.731686,-104.98265
1,1,37.779588,-122.419318
1,3,40.731829,-73.989181
1,2,47.610902,-122.336422
1,2,39.731085,-104.970674
0,8,40.765823,-73.987169
1,3,42.350579,-71.076397
0,0,37.745916,-122.441472
1,2,42.357768,-71.064858
1,2,45.531124,-122.683951
0,4,38.910353,-77.017739
0,1,42.337582,-71.070482
0,8,29.74097,-95.391301
1,5,30.270569,-97.742589
1,1,37.792007,-122.408575
0,7,33.818405,-84.358175
0,2,41.972872,-87.662604
1,0,40.739065,-73.982255
1,0,40.745224,-73.978297
1,0,47.615192,-122.350581
0,1,47.585627,-122.29196
1,3,29.957008,-90.076935
0,0,41.99111,-87.663076
1,0,39.948629,-75.142789
0,0,42.309174,-71.113835
0,1,37.750021,-122.415201
0,1,47.63714,-122.321891
1,0,29.937353,-90.069648
1,0,47.631863,-122.344267
1,0,37.799367,-122.398407
1,1,29.756845,-95.365652
0,0,37.76046,-122.399724
0,0,34.129772,-118.330989
0,0,33.747999,-84.315586
0,1,37.769436,-122.447662
1,0,34.100517,-118.414712
0,0,40.7693,-73.949915
1,1,41.922714,-87.649577
0,0,33.745762,-118.208042
0,1,38.898889,-77.055456
0,4,29.968157,-90.029962
0,0,42.010019,-87.667095
0,0,40.755319,-73.993114
0,1,34.045405,-118.240454
0,0,47.555647,-122.37959
0,0,47.601884,-122.329459
0,0,33.773335,-84.261667
1,1,45.518371,-122.673946
0,0,42.284333,-71.126228
0,0,33.711546,-84.331796
0,0,37.790438,-122.140819
0,1,34.043146,-118.251746
0,1,38.933366,-77.030312
0,0,37.8088,-122.269196
0,0,40.775921,-73.982607
0,1,42.350518,-71.059077
0,0,37.80432,-122.207545
0,1,33.789323,-84.351498
0,1,47.63281,-122.288511
0,2,38.881904,-76.990935
0,2,40.662688,-73.98674
0,0,37.834403,-122.264368
1,0,42.347476,-71.082035
0,1,25.853764,-80.178006
0,3,37.795388,-122.422453
0,0,37.836844,-122.289143
0,1,47.536464,-122.394409
0,2,40.719389,-74.046469
0,0,40.68863,-74.018244
0,0,37.865777,-122.286321
0,1,40.679171,-73.963804
0,0,45.581132,-122.637305
0,0,37.807215,-122.301497
0,0,30.230011,-97.608576
0,1,38.876122,-77.025374
0,0,33.744725,-84.375231
0,0,47.540246,-122.268545
0,0,40.053348,-75.191112
0,0,39.935327,-75.152489
0,1,45.544236,-122.643468
0,2,29.75415,-95.409498
0,0,45.538194,-122.600014
0,4,34.089848,-118.294661
0,1,45.601815,-122.700798
0,0,33.803431,-118.16977
0,0,42.315682,-71.055555
0,0,34.099912,-118.326912
0,0,38.895023,-77.075464
0,0,39.762298,-104.916613
0,3,39.758857,-104.962829
0,0,33.771616,-118.143631
0,0,37.768106,-122.386927
0,3,42.347635,-71.103082
0,0,47.534862,-122.305794
0,0,34.072924,-118.37271
0,0,40.682306,-73.978099
0,0,47.544034,-122.349874
0,0,37.73622,-122.459338
0,0,37.82935,-122.203507
0,0,37.785969,-122.437253
0,0,38.905026,-76.983607
0,0,34.111885,-118.261033
0,2,34.088475,-118.325527
0,0,40.745115,-73.956928
0,0,45.544163,-122.726626
0,0,40.013014,-75.185402
0,0,39.939496,-75.184146
0,0,47.407196,-122.473322
0,0,37.811406,-122.242458
0,0,34.150818,-118.368159
0,0,45.515121,-122.600627
0,0,40.693682,-73.989693
0,0,45.514672,-122.643014
0,1,42.362986,-71.103353
0,0,37.863911,-122.275643
0,2,40.758628,-73.967948
0,0,37.844672,-122.238105
0,0,34.080017,-118.262643
0,0,37.761408,-122.150198
0,0,37.863914,-122.306465
0,2,40.726399,-73.978631
0,0,33.811659,-84.28323
0,0,42.353585,-71.188192
0,0,37.902944,-122.261795
0,0,40.830867,-73.936218
0,0,45.507856,-122.690794
0,0,30.289963,-97.714696
0,0,39.964489,-75.145802
0,0,33.756289,-118.130636
0,1,40.709278,-74.002562
0,1,47.678255,-122.338152
0,0,42.399655,-71.12255
0,2,40.712597,-73.953098
0,0,34.1692,-118.372498
0,0,40.725581,-73.998078
0,0,37.865183,-122.238209
0,0,33.82774,-118.17482
0,0,33.771947,-84.29027
0,0,38.952514,-77.022991
0,0,41.092068,-73.924648
0,0,40.798452,-73.974428
0,0,34.07041,-118.350411
0,0,38.938188,-76.992126
0,0,39.730282,-104.952592
0,0,47.574245,-122.400222
0,0,34.140822,-118.392864
0,0,40.798601,-73.966622
0,0,38.976873,-77.032609
0,0,45.576236,-122.600873
0,0,45.603549,-122.737905
0,0,40.288811,-75.058039
0,0,30.304274,-97.685715
0,0,38.934557,-76.950596
0,0,39.719464,-104.890279
0,0,33.781686,-118.148365
0,0,40.761915,-73.949962
0,0,33.676362,-84.460794
0,1,39.952896,-75.174298
0,0,38.926576,-76.974446
0,0,42.312975,-71.218882
0,0,40.812957,-73.937376
0,0,38.981606,-77.001161
0,0,34.137412,-118.207607
0,0,25.77789,-80.176165
0,0,38.936238,-77.059981
0,1,45.520562,-122.710231
0,0,40.706027,-74.008835
0,0,34.127194,-118.295647
0,0,40.867076,-73.924312
0,1,39.733819,-104.91657
0,0,33.806929,-84.237588
0,0,45.528929,-122.643927
0,0,39.771649,-104.882471
0,0,37.791887,-122.245334
0,0,40.818267,-73.942856
0,0,37.721052,-122.413573
0,0,39.907845,-75.083563
0,0,40.677916,-74.005154
0,1,38.856868,-77.051492
0,0,26.027459,-80.120219
0,0,47.499387,-122.243852
0,0,34.178483,-118.431791
0,0,37.898189,-122.27913
0,0,42.381409,-71.096714
0,0,33.771079,-84.3336
0,0,40.811407,-73.95306
0,0,33.854097,-84.216155
0,0,40.825288,-73.950045
0,0,37.866536,-122.257996
0,0,37.921561,-122.298337
0,0,29.798249,-95.416933
0,0,42.363174,-71.068646
0,0,37.852904,-122.547207
0,0,40.858305,-73.930549
0,0,40.747155,-73.93975
0,1,40.69134,-73.927879
0,0,33.851722,-84.283624
0,0,25.851854,-80.138726
0,0,40.802381,-73.952681
0,0,45.498278,-122.728839
0,0,30.243032,-97.765081
0,0,38.813169,-77.112139
0,0,37.879234,-122.266839
0,0,38.79438,-77.078837
0,0,33.702829,-84.382515
0,0,40.804798,-74.204569
0,0,25.816281,-80.171528
0,0,33.791004,-84.398978
0,1,29.771545,-95.411083
0,0,45.482433,-122.598605
0,0,40.748811,-74.261512
0,0,45.489938,-122.690453
0,0,33.827479,-84.323017
0,0,37.728895,-122.382779
0,1,39.706581,-104.96575
0,0,40.073872,-75.211217
0,0,41.87493,-87.651596
0,0,42.347472,-71.039271
0,0,42.392157,-71.133996
0,0,47.638679,-122.370946
0,1,40.762211,-73.931528
0,2,25.753132,-80.234427
0,2,39.734837,-105.020395
0,0,30.430044,-98.112656
0,0,30.310782,-97.722759
0,0,34.165783,-118.399795
0,0,37.942798,-122.322923
0,0,45.543386,-122.6781
0,0,30.351538,-97.732571
0,0,33.792303,-84.447862
0,0,39.967935,-75.176073
0,0,42.420949,-71.15637
0,0,47.667527,-122.377551
0,0,45.550024,-122.559297
0,0,29.706787,-95.401748
0,0,42.280455,-71.162017
0,0,38.942361,-76.964578
0,0,37.773793,-122.278115
0,0,42.030355,-87.685549
0,0,47.685746,-122.281589
0,0,45.482541,-122.643935
0,0,33.993396,-118.465193
0,0,37.72222,-122.484077
0,0,42.337105,-71.105696
0,0,33.740666,-84.264463
0,0,29.734813,-95.416098
0,0,39.952783,-75.165586
0,1,41.921215,-87.701028
0,0,29.826448,-95.426267
0,0,39.002745,-76.931721
0,0,40.72779,-73.947605
0,0,30.230506,-97.714185
0,0,34.049841,-118.33846
0,0,47.500058,-122.357848
0,0,34.148617,-118.433298
0,1,29.749778,-95.345885
0,0,34.065975,-118.238642
0,0,30.206851,-97.797384
0,0,37.720375,-122.44295
0,0,40.850545,-73.933983
0,0,40.720103,-74.004903
0,0,38.809803,-76.869158
0,0,41.872389,-87.789483
0,1,30.331813,-97.704287
0,0,39.002837,-77.036701
0,0,42.285805,-71.070571
0,0,42.291413,-71.042158
0,0,33.888505,-84.289532
0,0,33.897873,-84.252804
0,0,34.194489,-118.138263
0,0,34.112272,-118.225496
0,0,38.914363,-77.079339
0,0,38.819895,-77.059577
0,0,29.952072,-90.10331
0,0,39.914668,-75.060862
0,0,29.724893,-95.363752
0,0,42.379637,-71.135152
0,0,40.033858,-75.174075
0,0,47.651371,-122.407349
0,0,41.882066,-87.637349
0,1,40.656546,-74.007355
0,0,40.680768,-73.949316
0,0,37.758797,-122.485128
0,0,47.716513,-122.295829
0,0,34.013666,-118.49375
0,0,40.730785,-74.268919
0,0,25.897992,-80.152331
0,0,39.676626,-104.962315
0,0,41.866433,-87.817396
0,0,42.42384,-71.107673
0,0,33.640147,-84.450081
0,0,41.894609,-87.789711
0,0,37.688826,-122.408935
0,1,40.75236,-73.972493
0,0,42.324029,-71.085017
0,0,33.794348,-118.116391
0,0,38.95286,-76.94629
0,0,39.021495,-77.009779
0,0,37.963111,-122.563588
0,0,25.85219,-80.207174
0,0,39.035382,-77.092454
0,0,47.740485,-122.342826
0,0,40.744634,-73.920201
0,0,37.889704,-122.295531
0,0,39.695794,-105.003843
0,0,42.415637,-71.17567
0,0,42.358016,-71.128608
0,0,45.657396,-122.662726
0,0,33.726586,-84.425995
0,0,34.114708,-118.192098
0,0,40.6417,-74.385676
0,0,42.334992,-71.039093
0,0,39.705197,-104.930842
0,0,42.008558,-87.694735
0,0,41.973292,-87.700351
0,0,34.039378,-118.2663
0,0,39.772047,-105.048027
0,0,37.804531,-122.410852
0,0,30.370266,-97.836156
0,0,42.292253,-70.923919
0,0,33.823943,-118.111335
0,0,33.764539,-84.397339
0,0,47.568714,-122.631558
0,0,34.178522,-118.459234
0,0,34.002844,-118.2164
0,0,42.325483,-71.135045
0,0,33.988047,-118.370361
0,0,42.524435,-70.870859
0,0,42.343503,-71.122248
0,0,40.051416,-104.612139
0,0,34.165356,-118.123751
0,0,42.049045,-87.717453
0,0,47.659861,-122.284977
0,0,30.293268,-97.76605
0,0,25.766206,-80.182897
0,0,38.806853,-77.056374
0,0,41.902042,-87.658544
0,0,37.820661,-122.369655
0,0,29.795344,-95.36759
0,0,40.708538,-74.01665
0,0,39.767444,-105.019736
0,0,47.687761,-122.38487
0,0,42.369451,-71.177925
0,0,39.687746,-104.911338
0,0,29.834034,-95.051267
0,0,30.294333,-97.738517
0,0,40.762574,-73.913447
0,0,39.716067,-75.219239
0,0,41.880188,-87.625509
0,0,30.32223,-97.740167
0,0,39.864643,-75.137452
0,0,34.13946,-118.166649
0,0,40.764612,-73.963122
0,0,25.787182,-80.204722
0,0,40.716495,-74.072593
0,0,40.823877,-73.974152
0,0,40.75169,-73.883638
0,0,29.733777,-95.433346
0,0,37.916555,-122.341233
0,0,39.95852,-75.198857
0,0,34.078195,-118.185501
0,0,30.261084,-97.959435
0,0,39.645936,-105.011368
0,0,42.369542,-71.240513
0,0,25.819714,-80.133711
0,0,45.454231,-122.698526
0,0,42.391577,-71.08991
0,0,39.976249,-75.125105
0,0,30.429937,-97.717796
0,0,47.451576,-122.352986
0,0,40.795455,-73.929655
0,0,40.715775,-73.986212
0,0,30.45417,-97.692183
0,0,47.489569,-122.29996
0,0,33.661498,-84.386895
0,0,30.007063,-95.488362
0,0,38.843917,-77.089408
0,0,47.444098,-122.324859
0,0,37.943963,-122.616418
0,0,33.805401,-118.187701
0,0,33.797412,-84.197984
0,0,34.051809,-118.383674
0,0,37.713275,-122.16735
0,0,29.975137,-90.086944
0,0,34.057597,-118.413998
0,0,41.88531,-87.622116
0,0,40.838815,-73.942836
0,0,34.147149,-118.463365
0,0,29.904511,-97.807308
0,0,30.263378,-97.714483
0,0,40.036973,-75.349913
0,0,38.010166,-122.261728
0,0,38.836463,-77.062098
0,0,42.33209,-71.096545
0,0,42.255083,-71.12922
0,0,34.169706,-118.323548
0,0,34.169538,-118.164941
0,0,38.93693,-77.090014
0,0,39.786982,-104.70217
0,0,30.387979,-97.706853
0,0,40.769258,-73.958751
0,0,40.500795,-74.427911
0,0,40.898868,-73.903328
0,1,40.701954,-73.942358
0,0,40.678308,-73.919936
0,0,41.902172,-87.683337
0,0,37.606627,-122.477211
0,0,41.867566,-87.617228
0,0,39.942579,-75.225905
0,0,39.890631,-75.370032
0,0,47.47202,-122.2219
0,0,37.745399,-122.486065
0,0,47.754413,-122.300477
0,0,30.094098,-97.495104
0,0,25.768524,-80.203359
0,0,29.830024,-95.474409
0,0,38.022366,-122.555605
0,0,29.68025,-95.404913
0,0,40.713848,-74.007755
0,0,42.204578,-70.957749
0,0,40.767855,-74.020637
0,0,30.12382,-97.32771
0,0,42.392721,-71.213532
0,0,38.966889,-77.058323
0,0,40.616667,-74.422042
0,1,41.8957,-87.613775
0,2,25.827855,-80.316183
0,0,37.797336,-122.464462
0,0,40.663046,-73.954219
0,0,33.782259,-118.196793
0,0,38.860413,-76.978933
0,0,30.458396,-97.755344
0,0,29.92393,-90.102484
0,0,37.775545,-122.218705
0,0,39.671019,-104.927895
0,0,26.02313,-80.186539
0,0,30.382462,-97.673473
0,0,40.772884,-73.926295
0,0,33.854654,-84.536437
0,0,45.440949,-122.618111
0,0,25.883337,-80.131831
0,0,34.076198,-118.310722
0,0,38.860791,-77.098972
0,0,30.355657,-97.644682
0,0,30.492408,-97.748324
0,0,40.643468,-73.976046
0,0,39.751907,-104.997633
0,0,30.16711,-97.823998
0,0,41.729231,-87.881134
0,0,34.011312,-118.469762
0,0,37.780097,-122.462605
0,0,30.216184,-97.85585
0,0,34.168771,-118.050216
0,0,34.085784,-118.206666
0,0,45.678996,-122.720499
0,0,42.266415,-71.015576
0,0,37.995864,-122.577814
0,0,41.88032,-87.687749
0,0,38.849321,-77.141472
0,0,42.42938,-71.058706
0,0,42.056214,-87.692402
0,0,33.869694,-84.4173
0,0,40.646448,-73.956649
0,0,25.728662,-80.239996
0,0,39.9061,-75.000375
0,0,40.781432,-73.950013
0,0,39.002985,-76.879165
0,0,34.06221,-118.401966
0,0,39.67142,-104.887802
0,0,45.490959,-122.803586
0,0,34.059163,-118.306892
0,0,33.897634,-84.589572
0,0,40.70416,-73.921139
0,0,34.037251,-118.423573
0,0,39.744773,-105.115977
0,0,41.781621,-87.599876
0,0,34.185767,-118.388323
0,0,25.893664,-80.181539
0,0,34.045421,-118.445873
0,0,38.783717,-77.122678
0,0,38.891412,-76.943575
0,0,34.019323,-118.391902
0,0,41.801647,-87.596288
0,1,41.84688,-87.670664
0,0,42.379657,-71.061487
0,0,37.706137,-122.12555
0,0,42.3703,-71.08256
0,0,42.455723,-71.059019
0,0,39.698327,-104.878815
0,0,29.675339,-95.479372
0,0,39.045249,-77.039264
0,0,37.690884,-122.447441
0,0,39.772675,-105.104801
0,0,38.836403,-76.918265
0,0,39.890663,-105.113724
0,0,38.918291,-76.881948
0,0,37.994038,-122.282589
0,0,29.655503,-95.471663
0,0,40.115428,-74.802088
0,0,42.471039,-70.941535
0,0,40.36194,-74.038775
0,0,41.878095,-87.628461
0,0,40.778877,-73.906769
0,0,39.644445,-104.965111
0,0,45.642413,-122.379611
0,0,38.886565,-77.095231
0,0,45.513887,-122.558403
0,0,34.030578,-118.399613
0,0,41.892289,-87.637271
0,0,37.978138,-122.497611
0,0,39.639871,-104.901711
0,0,30.348236,-97.768136
0,1,30.012223,-90.162523
0,0,40.392789,-74.330397
0,0,41.991488,-87.703986
0,0,40.788079,-74.011357
0,0,39.695293,-105.035601
0,0,34.026608,-118.473643
0,0,39.817067,-105.011035
0,0,34.199824,-118.447609
0,0,40.694696,-73.966286
0,0,34.108957,-118.156615
0,0,29.583816,-95.036166
0,0,42.176446,-71.051567
0,0,37.959549,-122.283578
0,0,34.052913,-118.26434
0,0,42.140244,-70.997347
0,0,39.961352,-75.229334
0,0,34.139402,-118.128658
0,0,42.349688,-71.153964
0,0,34.173885,-118.346937
0,0,45.502847,-122.770212
0,0,30.43963,-97.594687
0,0,42.367032,-71.050493
0,0,29.853067,-95.435966
0,0,37.885629,-122.46858
0,0,42.41829,-71.001251
0,0,34.062148,-118.315889
0,0,38.672666,-77.018549
0,0,30.126966,-97.739969
0,0,47.646967,-122.534561
0,0,40.675061,-73.671667
0,0,40.794175,-74.02496
0,0,39.712845,-105.091519
0,0,39.688002,-104.68974
0,0,38.827888,-77.083132
0,0,29.744081,-95.487974
0,0,42.248386,-71.002279
0,0,33.847989,-118.112601
0,0,33.864259,-118.399303
0,0,30.013437,-90.062798
0,0,39.079082,-77.121858
0,0,42.034746,-87.757188
0,0,33.875954,-84.334763
0,0,39.770328,-104.597351
0,0,39.699735,-104.837643
0,0,37.736529,-122.179445
0,0,33.849034,-118.147902
0,0,29.944727,-90.125661
0,0,34.195685,-118.490752
0,0,34.402509,-118.363427
0,0,40.100418,-75.171761
0,0,42.246872,-71.179462
0,0,47.446413,-122.272098
0,0,30.402665,-97.761062
0,0,38.833719,-77.006591
0,0,47.742239,-122.376608
0,0,40.809128,-74.187155
0,0,47.391319,-122.314971
0,0,42.361129,-71.006975
0,0,37.737572,-122.245507
0,0,47.860085,-122.267238
0,0,42.314344,-71.152759
0,0,40.543139,-74.358981
0,0,39.74599,-104.442841
0,0,39.854746,-104.695804
0,0,29.937445,-90.032322
0,0,42.175737,-71.125385
0,0,45.687629,-122.824209
0,0,25.933997,-80.135801
0,0,34.384697,-118.647244
0,0,47.391942,-122.257192
0,0,42.396824,-71.031348
0,0,42.351824,-71.20849
0,0,45.546622,-122.442346
0,0,42.501524,-71.067489
0,0,40.632358,-74.401184
0,0,34.155533,-118.086178
0,0,37.57028,-122.365778
0,0,33.805871,-84.126928
0,0,38.758337,-77.151192
0,0,29.61065,-95.386863
0,0,30.176044,-97.727787
0,0,38.895078,-77.162521
0,0,42.209776,-70.928189
0,0,37.625086,-122.433593
0,0,34.009552,-118.346724
0,0,33.942108,-118.417488
0,0,34.030755,-118.492101
0,0,40.555688,-73.920663
0,0,40.776441,-73.953509
0,0,26.019191,-80.152944
0,0,34.066379,-118.30987
0,0,34.168366,-118.267771
0,0,40.862751,-74.075182
0,0,47.669256,-122.008454
0,0,39.898048,-75.347159
0,0,33.997862,-118.393617
0,0,40.621982,-74.030324
0,0,33.835696,-84.389116
0,0,40.734924,-74.071875
0,0,40.140815,-74.85404
0,0,38.815789,-77.154271
0,0,40.94542,-73.880471
0,0,42.074962,-88.086284
0,0,33.87632,-84.46209
0,0,40.439213,-74.484303
0,0,41.946606,-87.746787
0,0,40.086002,-75.151408
0,0,34.15404,-118.593153
0,0,45.483213,-122.510515
0,0,37.897665,-122.563172
0,0,30.501927,-97.647251
0,0,25.652131,-80.490508
0,0,33.940445,-118.129022
0,0,30.378736,-97.950592
0,0,40.176879,-75.105595
0,0,41.946962,-87.702548
0,0,25.702563,-80.404682
0,0,47.304801,-122.316969
0,0,42.29331,-71.018208
0,0,47.791111,-122.30779
0,0,33.792116,-84.206463
0,0,40.880678,-73.90654
0,0,47.573702,-122.786447
0,0,45.409354,-122.683468
0,0,33.690867,-84.248622
0,0,39.909857,-75.198265
0,0,25.753332,-80.270379
0,0,45.44029,-122.776604
0,0,38.883501,-77.139537
0,0,42.284822,-71.348811
0,0,39.911612,-75.151475
0,0,29.795268,-95.233977
0,0,34.002028,-118.430656
0,0,47.755262,-122.511482
0,0,47.308286,-122.216812
0,0,39.879646,-104.798722
0,0,37.673945,-122.084821
0,0,40.791763,-73.94397
0,0,37.952844,-122.381974
0,0,42.501835,-70.859126
0,0,39.787628,-104.838551
0,0,30.338584,-97.361224
0,0,34.136194,-118.260934
0,0,40.744819,-73.905156
0,0,42.534146,-71.038333
0,0,33.731442,-118.278869
0,0,40.028146,-75.227549
0,0,47.802344,-122.374193
0,0,39.663559,-104.838066
0,0,40.773361,-73.956216
0,0,25.572213,-80.335434
0,0,34.074736,-118.145959
0,0,39.899671,-104.946561
0,0,40.697302,-74.082273
0,0,33.723262,-84.475994
0,0,33.86994,-84.498081
0,0,41.0544,-73.779287
0,0,38.895439,-77.256133
0,0,38.771982,-77.057273
0,0,33.976582,-118.455222
0,0,30.560322,-97.546399
0,0,39.739249,-104.862881
0,0,29.69843,-95.3569
0,0,25.786909,-80.361253
0,0,34.065723,-118.434969
0,0,39.743312,-105.069025
0,0,42.344457,-71.248617
0,0,39.057389,-76.825834
0,0,41.888545,-87.798933
0,0,39.975858,-105.009387
0,0,45.320277,-122.536467
0,0,40.750877,-74.056865
0,0,33.926431,-84.541629
0,0,42.503227,-71.201713
0,0,25.72085,-80.272571
0,0,40.080337,-75.300461
0,0,38.900858,-77.19588
0,0,42.130399,-70.910615
0,0,45.729741,-122.456373
0,0,37.523602,-122.34492
0,0,37.776769,-122.494707
0,0,41.844883,-87.624032
0,0,40.867787,-73.79992
0,0,39.051991,-77.121931
0,0,34.107753,-118.616219
0,0,45.426416,-122.442992
0,0,42.328553,-71.22953
0,0,40.125912,-75.125442
0,0,25.960389,-80.143113
0,0,39.950806,-105.159495
0,0,30.449996,-97.971806
0,0,45.46019,-122.804198
0,0,29.704019,-95.460905
0,0,34.160359,-118.213769
0,0,47.715769,-122.213748
0,0,29.613602,-95.11937
0,0,45.557757,-122.505268
0,0,47.541253,-122.577029
0,0,29.948414,-89.962678
0,0,45.640067,-122.625018
0,0,38.983386,-77.079346
0,0,40.730133,-74.036816
0,0,41.906772,-87.632231
0,0,33.934278,-84.462185
0,0,47.760785,-122.130531
0,0,29.545041,-95.350629
0,0,45.679501,-122.66056
0,0,25.63884,-80.311316
0,0,38.926428,-76.715028
0,0,42.241557,-71.082432
0,0,34.198292,-118.600913
0,0,40.093268,-75.383637
0,0,40.255513,-75.080152
0,0,39.609101,-105.205545
0,0,42.397823,-71.255708
0,0,42.18736,-71.195955
0,0,39.02704,-77.077609
0,0,33.947305,-118.439841
0,0,33.74212,-118.312878
0,0,30.057802,-95.470985
0,0,45.551031,-122.809275
0,0,34.17051,-118.289463
0,0,34.061735,-118.276757
0,0,29.535935,-95.026393
0,0,40.707917,-73.828212
0,0,47.493732,-121.998724
0,0,40.745268,-74.032021
0,0,33.95889,-118.330548
0,0,40.180468,-74.837263
0,0,47.839223,-122.285464
0,0,38.95695,-77.120006
0,0,37.748272,-122.216825
0,0,34.160236,-118.515472
0,0,39.879127,-75.065918
0,0,30.001164,-90.209724
0,0,47.901362,-122.260891
0,0,40.738725,-74.195568
0,0,40.767383,-74.032328
0,0,42.474208,-71.097665
0,0,29.685706,-95.434764
0,0,30.430941,-97.840101
0,0,40.001553,-75.298929
0,0,37.576948,-122.316903
0,0,33.994523,-118.149952
0,0,42.395317,-71.180284
0,0,30.503949,-97.8242
0,0,29.994499,-95.177499
0,0,40.048483,-75.227934
0,0,34.204568,-118.326365
0,0,42.119964,-70.957216
0,0,34.177311,-118.615704
0,0,47.809708,-122.280394
0,0,40.820479,-73.925084
0,0,42.009666,-88.096644
0,0,45.38565,-122.592827
0,0,38.720336,-77.106155
0,0,38.060475,-122.508496
0,0,40.017119,-75.092814
0,0,29.718435,-95.423555
0,0,34.13658,-118.245839
0,0,30.190246,-97.956906
0,0,47.753344,-122.201952
0,0,39.952381,-74.994896
0,0,40.720934,-73.846151
0,0,38.63039,-76.976583
0,0,40.089651,-74.892183
0,0,34.209532,-118.577563
0,0,29.796871,-95.49165
0,0,40.650127,-73.607709
0,0,25.736887,-80.310768
0,0,40.13018,-75.331629
0,0,41.55888,-87.664442
0,0,47.68099,-122.120531
0,0,33.908536,-84.177349
0,0,38.894885,-77.028638
0,0,40.954635,-73.808184
0,0,29.740079,-95.446409
0,0,38.873718,-77.117325
0,0,47.405479,-122.195772
0,0,33.932538,-84.385947
0,0,41.88303,-87.644101
0,0,39.931978,-75.027557
0,0,33.889151,-118.402127
0,0,39.884825,-75.092667
0,0,42.1076,-71.181828
0,0,41.090097,-73.841014
0,0,33.792055,-84.257369
0,0,34.200834,-118.6649
0,0,25.985129,-80.147261
0,0,40.361667,-74.078076
0,0,30.543419,-97.645602
0,0,33.766909,-84.641356
0,0,40.92446,-73.826115
0,0,40.946841,-73.788051
0,0,29.959763,-90.163314
0,0,40.087755,-75.253168
0,0,40.589081,-73.648178
0,0,41.835216,-87.791373
0,0,45.531327,-122.36909
0,0,40.288978,-75.209591
0,0,34.439855,-118.644401
0,0,40.6749,-73.702154
0,0,29.381094,-95.46932
0,0,40.627456,-74.094407
0,0,30.224136,-98.134814
0,0,42.119006,-71.10365
0,0,38.965751,-76.966463
0,0,30.136972,-95.46836
0,0,39.485069,-105.052316
0,0,40.726418,-73.861526
0,0,39.923075,-75.298595
0,0,42.348912,-71.22633
0,0,33.864617,-118.180567
0,0,39.855318,-104.957119
0,0,37.538449,-122.305447
0,0,40.919729,-73.862651
0,0,40.641221,-74.016862
0,0,42.462911,-71.364496
0,0,39.477721,-105.262386
0,0,33.753259,-84.389953
0,0,47.446982,-122.201521
0,0,42.29949,-71.232519
0,0,47.79253,-122.208207
0,0,40.785753,-74.265059
0,0,47.461156,-122.698
0,0,38.83362,-77.125462
0,0,33.724452,-84.204244
0,0,33.975414,-118.41699
0,0,40.869405,-74.173062
0,0,40.206218,-74.81844
0,0,40.430468,-73.990424
0,0,38.997067,-76.966783
0,0,39.830822,-105.03747
0,0,34.115273,-118.088266
0,0,29.988455,-95.5312
0,0,41.921853,-87.807282
0,0,30.296865,-97.809578
0,0,38.997272,-77.151816
0,0,42.373055,-70.974807
0,0,30.123469,-95.517064
0,0,29.98373,-90.1672
0,0,41.023712,-73.81281
0,1,41.848897,-87.717661
0,0,34.237519,-118.517712
0,0,40.023891,-75.257741
0,0,34.00784,-118.030271
0,0,40.587963,-73.728528
0,0,45.715211,-122.693165
0,0,29.539422,-95.134995
0,0,39.933156,-75.340813
0,0,33.873215,-118.37036
0,0,47.567779,-122.232795
0,0,47.755665,-122.248061
0,0,34.028331,-118.354338
0,0,34.293338,-118.603118
0,0,38.865024,-77.197125
0,0,42.564647,-71.164516
0,0,40.798004,-74.11325
0,0,47.613825,-122.144365
0,0,29.670004,-95.708089
0,0,39.666287,-105.089746
0,0,34.200175,-118.540958
0,0,30.339696,-97.523512
0,0,37.800934,-122.438366
0,0,34.146671,-118.139455
0,0,40.148673,-75.375506
0,0,39.091338,-77.182294
0,0,41.76342,-87.565879
0,0,47.901777,-122.186999
0,0,33.937886,-118.358559
0,0,40.975049,-73.724925
0,0,33.91714,-118.404267
0,0,47.591896,-122.626241
0,0,39.540572,-104.958557
0,0,39.732942,-74.976657
0,0,45.630556,-122.514839
0,0,40.670747,-73.894209
0,0,40.62523,-74.237823
0,0,41.032932,-73.765071
0,0,37.65549,-122.422075
0,0,41.068258,-73.954975
0,0,42.314779,-71.192017
0,0,39.966363,-104.908709
0,0,29.874575,-95.527099
0,0,39.868633,-75.392945
0,0,41.508774,-87.590314
0,0,39.930782,-105.074287
0,0,40.700272,-73.835971
0,0,39.937537,-75.263665
0,0,39.825373,-105.063525
0,0,40.938267,-73.829922
0,0,42.306267,-71.085897
0,0,45.413498,-122.725171
0,0,33.799904,-118.298661
0,0,42.06449,-87.985462
0,0,34.09254,-118.491064
0,0,40.073118,-75.124431
0,0,33.833744,-118.314022
0,0,39.580309,-104.954917
0,0,39.794822,-105.105292
0,0,34.207341,-118.400973
0,0,34.028887,-118.317183
0,0,39.864907,-75.432958
0,0,29.919035,-95.491607
0,0,40.649401,-73.582951
0,0,40.632648,-74.116148
0,0,29.537301,-95.474615
0,0,40.059767,-75.10588
0,0,40.76804,-74.235692
0,0,38.804093,-77.207804
0,0,29.721825,-95.318275
0,0,45.673209,-122.481745
0,0,33.830006,-118.387124
0,0,29.949939,-90.205559
0,0,40.571768,-74.12595
0,0,40.889398,-74.045698
0,0,29.999103,-97.828207
0,0,40.688972,-74.165414
0,0,40.735659,-74.173605
0,0,25.783849,-80.23609
0,0,40.680722,-74.360292
0,0,30.268138,-97.86919
0,0,30.562168,-97.907817
0,0,29.586959,-95.225601
0,0,33.567898,-84.193388
0,0,40.756574,-73.737845
0,0,40.57827,-73.844762
0,0,38.989393,-76.741331
0,0,29.698461,-95.121268
0,0,42.293103,-71.298537
0,0,34.237912,-118.482306
0,0,47.419378,-121.958008
0,0,41.847472,-87.89164
0,0,40.863391,-73.988471
0,0,37.931846,-122.507738
0,0,47.512527,-122.190248
0,0,42.474145,-70.906597
0,0,40.652415,-74.216848
0,0,38.886334,-77.180975
0,0,39.848539,-74.953498
0,0,33.940652,-84.206734
0,0,34.326584,-118.382261
0,0,37.98079,-122.337627
0,0,40.716748,-73.879601
0,0,41.010525,-73.745125
0,0,40.841758,-73.879571
0,0,38.829817,-77.215318
0,0,42.243453,-70.942033
0,0,39.826854,-75.126663
0,0,40.862543,-73.888143
0,0,33.777518,-84.781392
0,0,37.681264,-122.480589
0,0,38.806935,-76.995672
0,0,40.187195,-75.206891
0,0,45.405501,-122.795056
0,0,42.060532,-71.119676
0,0,40.738837,-73.878535
0,0,42.425506,-71.310812
0,0,30.034449,-98.142776
0,0,33.563185,-84.441151
0,0,42.438547,-71.239573
0,0,37.937082,-122.532369
0,0,34.441596,-118.448109
0,0,34.149588,-118.489708
0,0,39.69499,-105.173144
0,0,47.752379,-122.060283
0,0,30.047619,-95.833733
0,0,40.837393,-73.923437
0,0,39.087321,-77.057159
0,0,40.820616,-74.15625
0,0,29.687947,-95.515725
0,0,40.826424,-74.062338
0,0,33.72524,-118.051579
0,0,33.972386,-84.231986
0,0,38.858916,-77.260258
0,0,40.589252,-74.31131
0,0,39.021433,-76.980774
0,0,34.261962,-118.336078
0,0,29.701847,-95.534537
0,0,33.524478,-84.325439
0,0,39.817202,-105.123954
0,0,42.202273,-70.758184
0,0,40.81869,-73.858474
0,0,40.671078,-73.936336
0,0,40.746286,-73.638905
0,0,38.814868,-76.933447
0,0,33.815025,-84.553831
0,0,38.906665,-77.124238
0,0,47.310617,-122.263291
0,0,41.873571,-88.020766
0,0,45.515307,-122.502168
0,0,34.029865,-84.239745
0,0,41.918877,-88.078095
0,0,42.405938,-71.054649
0,0,25.668203,-80.29701
0,0,38.862044,-77.154372
0,0,41.837923,-87.821859
0,0,40.596691,-74.074866
0,0,33.639853,-84.26715
0,0,40.700671,-73.889433
0,0,45.369302,-122.762307
0,0,29.61951,-95.191644
0,0,34.155097,-118.547553
0,0,41.915737,-88.129434
0,0,40.724744,-73.909639
0,0,40.126827,-75.530448
0,0,29.89036,-95.392527
0,0,40.029586,-74.948936
0,0,40.988306,-74.064693
0,0,30.062169,-95.383966
0,0,40.000162,-74.991632
0,0,45.454271,-122.879619
0,0,30.080851,-89.813366
0,0,47.372495,-122.595828
0,0,34.545587,-118.420095
0,0,40.745289,-73.760586
0,0,34.052922,-118.143465
0,0,42.088907,-70.998375
0,0,39.874881,-75.346642
0,0,38.88423,-76.893317
0,0,39.647607,-105.089482
0,0,47.820849,-122.525462
0,0,40.775906,-73.990358
0,0,33.67052,-84.73428
0,0,40.150307,-74.839218
0,0,37.675731,-122.133017
0,0,38.772863,-77.186523
0,0,39.989604,-75.109091
0,0,39.960411,-75.270393
0,0,41.702967,-87.778864
0,0,47.753859,-122.626792
0,0,45.388717,-122.155068
0,0,41.902093,-87.740857
0,0,29.981209,-95.463971
0,0,29.789523,-94.859125
0,0,41.700273,-87.663267
0,0,39.593836,-105.01146
0,0,40.483638,-74.44246
0,0,38.98278,-76.785824
0,0,40.117217,-74.777844
0,0,40.633026,-74.372905
0,0,34.141586,-117.957627
0,0,47.73228,-122.562318
0,0,40.701265,-73.809605
0,0,42.206188,-71.00232
0,0,39.983259,-75.429241
0,0,40.84715,-73.89868
0,0,40.009753,-75.231508
0,0,40.8399,-73.693124
0,0,41.946189,-87.806117
0,0,39.099155,-76.879864
0,0,34.015444,-118.111012
0,0,39.91714,-75.267387
0,0,34.222506,-118.444689
0,0,41.522116,-87.700733
0,0,41.876897,-87.976328
0,0,34.045105,-118.185914
0,0,40.76791,-74.16838
0,0,34.224196,-118.632394
0,0,29.880162,-97.966164
0,0,45.482967,-122.557619
0,0,33.972782,-118.022066
0,0,40.115345,-75.28199
0,0,34.308729,-118.687223
0,0,34.05038,-118.211991
0,0,29.943018,-90.083073
0,0,30.307375,-95.438548
0,0,40.988682,-73.789204
0,0,40.869953,-73.865746
0,0,29.548404,-95.861706
0,0,39.62732,-104.779035
0,0,29.815894,-95.522885
0,0,41.654945,-87.681952
0,0,40.902926,-74.094669
0,0,39.004989,-77.10149
0,0,39.066616,-76.980935
0,0,41.959701,-87.941835
0,0,39.485499,-104.778638
0,0,34.005578,-84.468945
0,0,30.269969,-97.683557
0,0,47.311491,-122.36281
0,0,40.844016,-73.644006
0,0,34.181293,-118.260277
0,0,39.950318,-75.304042
0,0,47.442737,-122.123973
0,0,25.703032,-80.297375
0,0,38.915222,-76.785129
0,0,29.871644,-97.676821
0,0,40.890964,-73.846239
0,0,40.101404,-75.105519
0,0,45.603287,-122.51017
0,0,39.929518,-104.954808
0,0,33.933808,-84.272577
0,0,29.998421,-95.66736
0,0,37.945512,-122.56012
0,0,33.583798,-84.271027
0,0,39.563846,-105.079066
0,0,47.916786,-122.302643
0,0,34.064958,-118.382979
0,0,40.891197,-73.972515
0,0,42.276029,-71.244543
0,0,40.607152,-74.280531
0,0,25.750167,-80.190028
0,0,30.078514,-97.838012
0,0,33.885624,-118.205918
0,0,38.950549,-76.89172
0,0,41.662446,-87.789969
0,0,42.492456,-70.97393
0,0,40.817097,-74.085024
0,0,41.97428,-87.827132
0,0,42.236423,-70.814436
0,0,40.81471,-73.908593
0,0,33.833181,-118.292062
0,0,40.692979,-73.652416
0,0,29.773179,-95.314327
0,0,42.488769,-71.154438
0,0,33.953617,-118.308428
0,0,41.583084,-87.501585
0,0,45.445048,-122.528173
0,0,39.610714,-104.949039
0,0,42.166731,-70.952363
0,0,45.278476,-122.323188
0,0,40.280968,-74.168903
0,0,39.788551,-104.956478
0,0,45.478314,-122.390727
0,0,33.589298,-84.636766
0,0,39.862519,-105.192405
0,0,40.069399,-75.000162
0,0,29.632734,-96.055105
0,0,34.066117,-118.846342
0,0,39.97957,-75.257036
0,0,47.840735,-122.33266
0,0,42.13246,-71.054013
0,0,41.606984,-87.753523
0,0,29.736295,-95.523292
0,0,39.971893,-75.057876
0,0,40.520494,-74.272943
0,0,25.9031,-80.302654
0,0,42.049573,-87.895003
0,0,38.758348,-76.983786
0,0,39.935834,-75.113921
0,0,29.651728,-95.519919
0,0,41.724657,-87.828048
0,0,29.741325,-95.560254
0,0,29.750233,-95.615383
0,0,47.614533,-122.168798
0,0,40.232327,-75.303915
0,0,40.401088,-74.032978
0,0,29.45219,-95.027849
0,0,40.897721,-73.779258
0,0,40.890317,-74.011478
0,0,42.219645,-71.216769
0,0,40.794927,-74.162353
0,0,45.688497,-122.57785
0,0,40.829881,-73.90812
0,0,34.003638,-118.308806
0,0,45.807695,-122.693908
0,0,47.622542,-122.04421
0,0,39.873832,-105.038659
0,0,34.184975,-118.766918
0,0,40.103026,-74.733455
0,0,34.322618,-118.23757
0,0,42.129614,-87.921503
0,0,37.714509,-122.079542
0,0,42.499295,-71.281889
0,0,42.051556,-88.055522
0,0,41.039089,-73.811368
0,0,39.613005,-104.877957
0,0,34.238208,-118.55029
0,0,40.552844,-74.286949
0,0,30.100255,-95.356479
0,0,42.452752,-71.144319
0,0,40.904526,-74.119514
0,0,39.661404,-104.765658
0,0,34.1528,-118.000482
0,0,40.789713,-73.539899
0,0,42.11278,-87.979542
0,0,39.651675,-105.039569
0,0,40.805489,-73.916585
0,0,40.723066,-74.138636
0,0,34.028483,-84.311423
0,0,37.555999,-122.267679
0,0,38.780274,-76.76699
0,0,40.419871,-74.085174
0,0,39.686866,-105.090234
0,0,40.657253,-73.673718
0,0,40.874287,-74.029735
0,0,40.100591,-74.938934
0,0,30.534424,-97.725741
0,0,42.078371,-71.042304
0,0,45.517009,-122.859817
0,0,29.515074,-95.192133
0,0,25.917734,-80.384416
0,0,40.415326,-74.253906
0,0,34.153338,-118.262974
0,0,45.702104,-123.029779
0,0,39.836967,-105.299574
0,0,29.670869,-95.58599
0,0,39.882703,-74.972036
0,0,45.569079,-122.946701
0,1,39.977746,-75.145899
0,0,40.069522,-74.824196
0,0,40.662338,-74.110275
0,0,38.938421,-77.27552
0,0,39.530958,-104.923416
0,0,47.618337,-122.205341
0,0,47.499429,-122.110157
0,0,39.948992,-74.900247
0,0,45.509203,-122.433468
0,0,30.007379,-90.103919
0,0,34.090728,-118.127527
0,0,34.193326,-118.818684
0,0,39.61601,-105.069449
0,0,40.652211,-74.260158
0,0,33.988505,-118.336358
0,0,29.735876,-95.238178
0,0,40.173024,-74.818822
0,0,40.848398,-74.160266
0,0,29.853215,-95.831456
0,0,41.993019,-87.759627
0,0,30.040876,-95.528914
0,0,39.856677,-74.90081
0,0,40.54564,-74.460817
0,0,29.911171,-95.341182
0,0,30.046777,-95.221022
0,0,39.109705,-76.988329
0,0,37.87992,-122.184572
0,0,25.606126,-80.343496
0,0,33.88856,-118.351813
0,0,39.890882,-75.328434
0,0,34.102077,-118.057754
0,0,33.707455,-84.544149
0,0,41.810554,-88.022796
0,0,40.820314,-74.106041
0,0,40.755182,-73.574338
0,0,40.934161,-74.019453
0,0,47.557627,-122.151005
0,0,34.108023,-118.456964
0,0,39.133184,-77.134383
0,0,39.101713,-77.094562
0,0,34.258405,-118.775026
0,0,39.530726,-105.164344
0,0,34.123305,-118.671025
0,0,40.872605,-73.628622
0,0,33.980254,-84.330016
0,0,45.61442,-122.238447
0,0,38.750917,-76.902669
0,0,39.958855,-74.802478
0,0,33.753155,-118.367963
0,0,34.055084,-84.390492
0,0,34.176817,-118.309323
0,0,30.292599,-97.618171
0,0,30.216858,-95.647214
0,0,38.755738,-77.097779
0,0,29.745247,-95.741783
0,0,40.798032,-73.647275
0,0,45.61951,-122.577179
0,0,30.186277,-95.410662
0,0,34.123286,-118.758541
0,0,38.874532,-76.774182
0,0,30.17842,-97.888662
0,0,40.88953,-73.872662
0,0,40.952693,-73.73604
0,0,39.909992,-105.002643
0,0,30.418557,-97.802545
0,0,45.408427,-122.612867
0,0,42.317362,-71.206508
0,0,40.039406,-75.018555
0,0,37.59897,-122.401991
0,0,40.699176,-73.706166
0,0,40.847381,-73.840584
0,0,41.78143,-87.77052
0,0,25.893051,-80.209181
0,0,40.695266,-74.269078
0,0,45.306108,-122.773066
0,0,42.468432,-71.013946
0,0,39.806194,-75.000151
0,0,40.772072,-74.207103
0,0,39.738764,-104.782159
0,0,29.909513,-95.651476
0,0,40.574413,-74.4148
0,0,40.060946,-75.046985
0,0,40.223335,-75.243047
0,0,45.240483,-122.793841
0,0,29.915778,-90.207605
0,0,25.761518,-80.364697
0,0,40.58379,-74.227457
0,0,42.03482,-88.110285
0,0,30.00824,-95.438996
0,0,40.716921,-74.015066
0,0,39.951291,-75.050129
0,0,34.032388,-84.505154
0,0,29.8586,-95.580768
0,0,29.699688,-95.584817
0,0,42.005432,-87.733239
0,0,40.900458,-73.807138
0,0,25.70232,-80.357503
0,0,29.835653,-90.110302
0,0,45.352514,-122.668534
0,0,41.836558,-87.953278
0,0,40.780379,-73.78123
0,0,40.84328,-73.860389
0,0,29.748202,-95.468948
0,0,42.216098,-70.88127
0,0,29.987805,-95.353412
0,0,29.918045,-95.535685
0,0,39.783875,-75.175825
0,0,41.491818,-87.448746
0,0,39.85165,-105.131418
0,0,33.795012,-118.062692
0,0,40.012177,-75.145495
0,0,40.684654,-73.849548
0,0,40.919705,-73.889928
0,0,40.852779,-73.912332
0,0,39.887453,-104.880987
0,0,41.972071,-87.756569
0,0,42.077788,-87.72057
0,0,39.98198,-75.17912
0,0,25.851225,-80.238166
0,0,25.98821,-80.281374
0,0,40.261315,-74.937775
0,0,38.964265,-76.913538
0,0,40.749892,-73.612477
0,0,29.979648,-95.572877
0,0,29.652205,-95.54623
0,0,40.450109,-74.172274
0,0,33.999005,-117.972146
0,0,40.656391,-74.30483
0,0,33.758405,-118.075043
0,0,39.150347,-77.07824
0,0,42.131462,-88.026329
0,0,42.343687,-71.381186
0,0,38.854996,-76.883307
0,0,39.979658,-74.941308
0,0,33.946218,-84.318119
0,0,42.135423,-87.761882
0,0,47.557085,-122.007748
0,0,39.599458,-104.707606
0,0,25.7794,-80.299475
0,0,25.9892,-80.217067
0,0,42.106323,-88.064337
0,0,29.881487,-95.452619
0,0,40.217062,-75.072803
0,0,39.545535,-105.010351
0,0,39.757432,-75.121872
0,0,41.825059,-87.847546
0,0,29.503785,-95.0873
0,0,38.819046,-77.290301
0,0,33.887821,-118.12725
0,0,39.697928,-104.78546
0,0,33.882179,-84.375289
0,0,40.628147,-73.946324
0,0,29.647023,-95.276656
0,0,40.582316,-74.271506
0,0,39.86144,-75.337022
0,0,33.622488,-84.523908
0,0,33.923533,-118.200705
0,0,47.605797,-122.099118
0,0,41.888819,-87.909053
0,0,40.023624,-75.329727
0,0,40.989821,-73.867552
0,0,34.465755,-118.553789
0,0,33.977272,-118.066363
0,0,40.723317,-73.704949
0,0,33.840398,-118.353715
0,0,41.690875,-87.615773
0,0,40.631772,-73.636624
0,0,33.822725,-118.264109
0,0,45.413524,-122.536758
0,0,40.651028,-73.715325
0,0,39.799077,-75.150692
0,0,30.079431,-95.932255
0,0,40.85064,-73.971007
0,0,40.781958,-74.067649
0,0,42.465998,-70.975792
0,0,33.867743,-118.069472
0,0,33.944159,-118.192761
0,0,40.669769,-73.871372
0,0,30.365776,-96.04642
0,0,42.164569,-70.818844
0,0,34.230854,-118.365856
0,0,41.536963,-87.684139
0,0,41.896843,-87.94124
0,0,40.651249,-74.323137
0,0,42.535183,-71.105423
0,0,30.26187,-89.794189
0,0,40.72386,-74.232517
0,0,40.786393,-73.810864
0,0,25.70077,-80.465111
0,0,33.950295,-118.024352
0,0,42.534279,-70.969782
0,0,45.440165,-122.980083
0,0,45.723392,-122.624397
0,0,25.659873,-80.358354
0,0,29.957234,-95.503258
0,0,29.72449,-95.640002
0,0,29.837572,-95.733754
0,0,40.91757,-73.784858
0,0,33.807882,-118.347957
0,0,29.76393,-95.173121
0,0,33.914775,-118.348083
0,0,33.818477,-118.038307
0,0,25.948468,-80.278855
0,0,39.993096,-75.071978
0,0,41.838036,-87.75987
0,0,34.090776,-118.095091
0,0,34.294615,-118.507001
0,0,39.783815,-75.056068
0,0,40.651644,-74.343447
0,0,39.576926,-104.857826
0,0,29.561554,-95.279739
0,0,40.680422,-73.584877
0,0,40.444151,-74.13681
0,0,34.440891,-118.501747
0,0,40.959829,-73.880302
0,0,34.00709,-118.258681
0,0,34.022502,-118.199613
0,0,29.643591,-95.653255
0,0,40.762304,-73.524452
0,0,30.094886,-95.58583
0,0,30.271308,-89.481756
0,0,39.761129,-75.32406
0,0,34.028129,-118.284829
0,0,42.0086,-87.99734
0,0,40.629885,-74.17413
0,0,25.95762,-80.179998
0,0,40.061872,-75.402461
0,0,40.639413,-73.900664
0,0,29.624261,-95.568033
0,0,40.191299,-75.437052
0,0,29.926473,-95.60379
0,0,29.832928,-95.14904
0,0,39.032772,-77.22083
0,0,39.890992,-75.073329
0,0,39.049423,-76.900362
0,0,40.905448,-73.835253
0,0,40.180089,-74.911873
0,0,25.734787,-80.406761
0,0,41.917512,-87.900699
0,0,29.827486,-95.65992
0,0,41.566242,-87.550204
0,0,40.3963,-74.115274
0,0,41.920552,-87.756054
0,0,34.265879,-118.456748
0,0,34.185666,-118.239494
0,0,33.949099,-118.246737
0,0,41.880504,-87.724444
0,0,41.5998,-87.690567
0,0,40.967157,-73.846339
0,0,29.688459,-95.057379
0,0,40.186067,-75.152867
0,0,29.852397,-95.2541
0,0,40.007737,-74.790088
0,0,40.150436,-75.033899
0,0,30.101838,-96.059366
0,0,34.034666,-118.504039
0,0,40.961713,-73.997437
0,0,40.622164,-73.965105
0,0,29.694395,-95.649569
0,0,30.156257,-95.74926
0,0,34.044416,-117.985366
0,0,25.726359,-80.450733
0,0,39.990184,-75.217795
0,0,33.8676,-118.080612
0,0,39.996262,-75.170855
0,0,41.713436,-87.75256
0,0,40.188468,-75.009898
0,0,40.031291,-75.454948
0,0,47.367737,-122.117029
0,0,40.605357,-73.649046
0,0,40.945239,-73.992428
0,0,25.654426,-80.412156
0,0,33.968116,-84.431704
0,0,40.784319,-73.731488
0,0,38.96588,-76.851092
0,0,25.866106,-80.301115
0,0,33.898883,-118.166629
0,0,41.546622,-87.457616
0,0,34.065493,-118.084529
0,0,40.545237,-74.180443
0,0,40.153918,-74.974991
0,0,41.691764,-87.510917
0,0,30.061727,-95.681504
0,0,38.906651,-77.293388
0,0,40.868093,-73.89973
0,0,40.657604,-73.844804
0,0,39.634422,-105.440245
0,0,40.412472,-74.065304
0,0,33.615841,-84.373002
0,0,42.274227,-71.097423
0,0,40.715359,-73.793071
0,0,40.113179,-74.85765
0,0,40.599263,-74.165748
0,0,41.625307,-87.83293
0,0,42.146694,-71.270532
0,0,29.686519,-95.303917
0,0,40.786256,-74.12622
0,0,30.23801,-95.16446
0,0,33.989524,-118.089299
0,0,47.367214,-122.198051
0,0,40.847017,-73.997061
0,0,40.714923,-74.366372
0,0,33.88151,-118.234451
0,0,39.866918,-105.006059
0,0,33.584687,-84.327348
0,0,39.921752,-75.233279
0,0,40.838127,-74.055268
0,0,25.766544,-80.235095
0,0,29.934371,-95.747578
0,0,29.561579,-95.099626
0,0,38.661976,-77.098485
0,0,40.037722,-75.065768
0,0,41.865213,-88.061479
0,0,33.756052,-84.182363
0,0,41.742093,-87.808649
0,0,47.675982,-122.193578
0,0,41.572143,-87.78925
0,0,39.977025,-75.312066
0,0,41.722001,-87.702446
0,0,29.733275,-94.994118
0,0,33.874556,-84.694713
0,0,29.800187,-95.328888
0,0,39.854719,-75.198716
0,0,41.061561,-74.007832
0,0,41.977842,-88.143199
0,0,42.365331,-71.055233
0,0,42.185968,-87.805939
0,0,38.837138,-77.340466
0,0,40.822081,-73.987834
0,0,33.780065,-118.372454
0,0,33.974027,-118.249509
0,0,41.01031,-73.863746
0,0,42.146494,-88.164651
0,0,39.904122,-75.499422
0,0,38.940203,-77.164882
0,0,30.321329,-97.884738
0,0,30.147375,-97.600145
0,0,40.992252,-73.950917
0,0,40.67742,-74.289341
0,0,40.601293,-73.944493
0,0,47.631197,-122.631017
0,0,42.361471,-71.081994
0,0,33.841027,-118.079141
0,0,29.713919,-95.199702
0,0,41.880084,-87.756373
0,0,29.999166,-95.400119
0,0,40.609227,-74.092575
0,0,41.687843,-87.789946
0,0,41.015857,-73.677404
0,0,40.981591,-74.113506
0,0,33.652831,-84.327109
0,0,29.620312,-95.605693
0,0,39.892421,-75.036651
0,0,40.709766,-73.738653
0,0,33.906956,-118.08264
0,0,40.671972,-73.531972
0,0,38.613372,-76.851612
0,0,40.783264,-73.638877
0,0,41.979388,-87.894358
0,0,34.408548,-118.123592
0,0,40.739634,-73.79449
0,0,33.867257,-118.330794
0,0,40.034147,-75.119198
0,0,41.613641,-87.552122
0,0,29.620509,-95.485333
0,0,42.184599,-71.305307
0,0,39.92046,-75.416182
0,0,33.975332,-118.355252
0,0,40.551884,-74.147646
0,0,42.067166,-87.934719
0,0,25.734345,-80.358271
0,0,39.718726,-105.236031
0,0,34.046243,-118.053748
0,0,41.059341,-73.819457
0,0,40.67383,-74.226408
0,0,29.482095,-95.362192
0,0,40.935833,-74.117504
0,0,39.109275,-76.933973
0,0,29.689824,-95.252393
0,0,40.695889,-74.2288
0,0,40.698095,-73.758986
0,0,34.255442,-118.421314
0,0,40.877915,-74.0825
0,0,34.07342,-118.015345
0,0,25.948877,-80.243582
0,0,40.879797,-74.10825
0,0,41.743074,-87.929214
0,0,47.841376,-122.198939
0,0,33.952725,-118.291904
0,0,41.87272,-88.112442
0,0,45.422994,-122.33277
0,0,42.173091,-71.363751
0,0,40.662936,-73.913029
0,0,42.03526,-87.729928
0,0,29.776093,-95.603037
0,0,39.532889,-104.891089
0,0,40.616695,-74.013047
0,0,33.757576,-84.432245
0,0,39.903578,-75.293355
0,0,30.657897,-97.617886
0,0,29.827869,-95.287485
0,0,40.425495,-74.176063
0,0,40.060612,-75.080176
0,0,42.126279,-87.845088
0,0,33.819814,-118.222416
0,0,39.44552,-104.853001
0,0,40.601278,-73.761651
0,0,40.752323,-74.12309
0,0,45.35308,-122.865845
0,0,40.821054,-74.003061
0,0,40.576806,-74.36575
0,0,34.048041,-118.294177
0,0,29.88738,-90.027313
0,0,40.637472,-73.666807
0,0,40.583949,-73.949096
0,0,47.661688,-122.715469
0,0,25.759711,-80.406473
0,0,34.222119,-118.205306
0,0,30.053105,-95.157943
0,0,34.36811,-118.489038
0,0,29.83159,-95.379554
0,0,37.605905,-122.126873
0,0,40.709361,-74.209662
0,0,40.107239,-104.80129
0,0,38.674606,-77.209739
0,0,40.765393,-73.893243
0,0,40.724512,-73.516326
0,0,29.802461,-94.970322
0,0,42.457055,-71.215464
0,0,29.740677,-95.829652
0,0,29.600434,-95.515549
0,0,29.906616,-95.180608
0,0,30.017301,-95.286217
0,0,30.319748,-97.958224
0,0,33.956526,-118.358654
0,0,25.927997,-80.177175
0,0,41.81268,-87.656935
0,0,40.751718,-73.851822
0,0,29.81093,-95.584639
0,0,40.663194,-73.554014
0,0,40.458848,-74.302768
0,0,40.32349,-74.254572
0,0,40.694062,-73.858626
0,0,45.805747,-122.510777
0,0,40.743595,-74.154913
0,0,29.64609,-95.794526
0,0,34.286687,-118.43508
0,0,40.742346,-74.334237
0,0,40.649591,-73.934371
0,0,34.136077,-118.888919
0,0,41.78383,-87.871802
0,0,41.882844,-87.87643
0,0,30.69088,-97.941426
0,0,40.947312,-74.070219
0,0,41.97985,-88.089628
0,0,34.281486,-118.556005
0,0,39.888896,-75.118078
0,0,40.822615,-73.822239
0,0,41.819962,-87.605984
0,0,29.856778,-95.977311
0,0,41.775868,-87.711496
0,0,41.794371,-87.97286
0,0,41.003506,-74.001778
0,0,39.866356,-75.09467
0,0,40.577372,-73.988706
0,0,29.583542,-95.460693
0,0,40.736425,-73.722376
0,0,33.92128,-118.274186
0,0,41.020572,-73.775846
0,0,40.701475,-73.621108
0,0,42.360502,-71.303433
0,0,40.594095,-73.792896
0,0,41.646953,-87.453983
0,0,40.599148,-73.99609
0,0,40.46641,-74.278625
0,0,34.2044,-118.287527
0,0,33.940455,-84.609708
0,0,40.764191,-73.772775
0,0,40.728152,-73.785019
0,0,40.829556,-73.869336
0,0,42.042336,-87.788946
0,0,40.429119,-74.416287
0,0,41.006364,-73.942772
0,0,40.902885,-74.063457
0,0,30.32776,-95.516045
0,0,47.840783,-122.101084
0,0,37.686491,-122.157201
0,0,40.115569,-75.013276
0,0,29.935512,-95.397624
0,0,34.09741,-117.968269
0,0,30.027292,-90.25345
0,0,42.028057,-87.810967
0,0,30.664239,-97.776853
0,0,34.08746,-118.544232
0,0,38.744969,-77.23564
0,0,40.700587,-73.675018
0,0,40.618779,-73.984826
0,0,25.940565,-80.31818
0,0,39.997882,-75.274178
0,0,42.069786,-88.016221
0,0,40.720115,-73.558861
0,0,41.747932,-87.714795
0,0,45.772037,-122.96941
0,0,42.092234,-87.837445
0,0,33.979248,-118.217438
0,0,33.793809,-118.31717
0,0,40.763365,-73.872374
0,0,33.74033,-84.108844
0,0,38.95095,-77.229544
0,0,40.531346,-74.219857
0,0,42.075201,-87.821026
0,0,40.15681,-75.279393
0,0,40.282353,-74.346564
0,0,40.854705,-74.019926
0,0,39.906248,-75.324733
0,0,34.128284,-118.047732
0,0,42.05087,-88.116615
0,0,40.715606,-73.768471
0,0,40.768208,-73.827403
0,0,40.509183,-74.237785
0,0,41.776382,-87.639572
0,0,29.566996,-95.636016
0,0,38.671168,-76.805304
0,0,40.60508,-73.911721
0,0,40.157452,-75.124753
0,0,40.527412,-74.315892
0,0,29.8634,-95.341409
0,0,40.829316,-74.01736
0,0,39.952558,-75.120999
0,0,29.933532,-89.92195
0,0,38.774493,-77.232029
0,0,41.610343,-87.653395
0,0,30.233845,-95.495681
0,0,29.712099,-95.480935
0,0,29.932872,-95.057187
0,0,40.856413,-74.12694
0,0,30.178248,-95.50096
0,0,33.912246,-118.236773
0,0,41.597379,-87.59915
0,0,41.563453,-87.725409
0,0,40.908584,-73.821652
0,0,29.976027,-90.315015
0,0,45.220824,-122.66828
0,0,29.991693,-90.258179
0,0,30.194968,-95.54819
0,0,42.167231,-87.964063
0,0,41.037605,-73.624339
0,0,33.779284,-118.261723
0,0,41.938755,-87.884263
0,0,30.377889,-97.895023
0,0,40.671659,-73.752568
0,0,33.987729,-118.186597
0,0,34.023728,-118.156275
0,0,34.029036,-118.23787
0,0,40.878256,-74.144073
0,0,41.958125,-87.868886
0,0,33.83901,-84.628247
0,0,34.002719,-118.287487
0,0,25.763458,-80.312667
0,0,40.514658,-74.393104
0,0,40.513105,-74.344075
0,0,40.78485,-73.841279
0,0,47.586092,-122.037436
0,0,42.106708,-87.756292
0,0,40.444335,-74.356884
0,0,40.665266,-74.266708
0,0,40.825867,-73.892942
0,0,40.11388,-75.185031
0,0,41.831794,-87.873995
0,0,39.972605,-75.360258
0,0,30.579327,-97.388622
0,0,39.962027,-104.807809
0,0,39.731894,-75.133534
0,0,33.939766,-118.331085
0,0,41.994855,-87.813003
0,0,38.942368,-76.92591
0,0,29.661032,-95.229784
0,0,29.868864,-90.064875
0,0,25.833202,-80.27872
0,0,29.945205,-95.259778
0,0,40.637176,-73.691976
0,0,29.573552,-95.130613
0,0,40.007406,-75.315837
0,0,30.297957,-89.840688
0,0,40.868607,-73.848133
0,0,29.913421,-90.053201
0,0,29.772179,-95.514203
0,0,41.629149,-87.59882
0,0,41.950022,-88.091865
0,0,29.940066,-97.568294
0,0,41.761302,-88.013394
0,0,41.930516,-88.016937
0,0,33.964131,-118.272783
0,0,33.878432,-118.284104
0,0,40.146444,-75.161987
0,0,40.793409,-73.688549
0,0,30.306163,-95.68639
0,0,29.482678,-95.680186
0,0,33.476407,-84.589709
0,0,41.810166,-87.713252
0,0,25.813175,-80.205808
0,0,30.054493,-94.92209
0,0,40.741817,-74.230334
0,0,40.666066,-73.638409
0,0,29.647916,-95.18978
0,0,40.673583,-73.81773
0,0,34.122671,-118.112911
0,0,39.982211,-104.737094
0,0,29.362409,-95.087396
0,0,40.828288,-73.505922
0,0,33.955729,-118.118346
0,0,41.502184,-87.748201
0,0,29.785907,-95.117207
0,0,40.056002,-75.159048
0,0,34.050965,-118.114394
0,0,40.248821,-75.143522
0,0,34.506627,-118.699048
0,0,41.753401,-87.826941
0,0,40.922334,-73.998001
0,0,33.783542,-84.588106
0,0,33.490464,-84.485997
0,0,30.231091,-89.716936
0,0,40.726854,-73.637009
0,0,34.236302,-118.249185
0,0,29.645646,-95.140307
0,0,41.894875,-87.819064
0,0,30.02365,-89.977867
0,0,40.590692,-73.809749
0,0,38.733509,-77.061076
0,0,40.853084,-74.106323
0,0,33.933565,-118.062611
0,0,29.380858,-95.241857
0,0,40.960533,-73.822732
0,0,39.848281,-75.377981
0,0,41.663809,-87.56147
0,0,29.999416,-90.134065
0,0,40.810549,-73.884367
0,0,40.694021,-73.736216
0,0,25.812043,-80.238614
0,0,40.597139,-73.973428
0,0,40.751452,-73.821031
0,0,39.82883,-75.435069
0,0,29.529038,-95.523532
0,0,40.225413,-74.992957
0,0,40.651288,-73.514726
0,0,41.718197,-87.552739
0,0,40.730145,-73.82703
0,0,25.719513,-80.168541
0,0,40.979049,-73.693202
0,0,41.740497,-87.652558
0,0,40.70643,-73.591622
0,0,40.676446,-73.844443
0,0,40.698162,-73.786893
0,0,40.730904,-73.745661
0,0,33.554561,-84.399687
0,0,29.759665,-95.256251
0,0,41.694776,-87.703777
0,0,41.745663,-87.981494
0,0,41.676906,-87.977229
0,0,29.679518,-95.199783
0,0,25.86219,-80.269677
0,0,29.829842,-90.310627
0,0,25.834607,-80.422908
0,0,41.60186,-87.887323
0,0,42.011762,-87.843434
0,0,41.584047,-87.37403
0,0,40.745347,-73.680292
0,0,41.465084,-87.508915
0,0,29.62042,-95.268939
0,0,40.62062,-74.315442
0,0,40.66006,-73.736012
0,0,40.755897,-74.217961
0,0,30.106737,-95.29715
0,0,40.762918,-74.186559
0,0,33.970343,-118.171368
0,0,40.651654,-74.183811
0,0,29.958602,-89.997477
0,0,29.906318,-89.958342
0,0,41.63439,-87.736395
0,0,42.103663,-87.928972
0,0,41.904144,-87.860665
0,0,41.599334,-87.330662
0,0,40.090698,-75.042868
0,0,33.90139,-118.315697
0,0,40.760471,-73.796371
0,0,30.050846,-89.956039
0,0,41.964257,-87.816242
0,0,40.759667,-73.642309
0,0,41.744431,-87.768576
0,0,40.096483,-74.983217
0,0,33.66646,-84.139855
0,0,33.926262,-118.249883
0,0,30.420852,-89.799212
0,0,39.95034,-75.096278
0,0,40.721016,-73.742245
0,0,41.649434,-87.633572
0,0,30.318169,-94.915716
0,0,41.74369,-87.605526
0,0,40.688673,-73.822918
0,0,45.515631,-122.24273
0,0,34.136258,-118.026704
0,0,30.0182,-90.020724
0,0,41.589434,-87.453729
0,0,30.014032,-90.191345
0,0,33.890853,-118.297967
0,0,33.859171,-118.252272
0,0,40.072495,-75.171824
0,0,29.399536,-94.996939
0,0,40.632667,-73.996669
0,0,40.927354,-74.039611
0,0,40.676808,-73.776425
0,0,39.517532,-104.670911
0,0,33.921793,-118.140588
0,0,41.775739,-87.669064
0,0,30.161065,-95.189809
0,0,41.883073,-87.629149
0,0,38.973445,-77.162497
0,0,39.916435,-75.113179
0,0,39.834292,-75.228355
0,0,39.898781,-75.26707
0,0,42.231947,-71.372963
0,0,45.346725,-122.319961
0,0,47.431079,-122.574916
0,0,40.438095,-74.231391
0,0,42.456748,-71.279484
0,0,38.996698,-76.818647
0,0,40.103552,-75.341022
0,0,41.813484,-87.823564
0,0,25.884867,-80.239362
0,0,41.011602,-73.841433
0,0,40.850183,-74.087068
0,0,42.23416,-71.291167
0,0,41.62787,-87.498701
0,0,39.88599,-75.295756
0,0,40.369551,-74.002368
0,0,40.625787,-73.726685
0,0,39.254744,-105.156973
0,0,40.041872,-75.423597
0,0,34.450906,-118.227614
0,0,40.447921,-74.439078
0,0,41.879283,-87.843251
0,0,40.002583,-75.249064
0,0,41.031088,-73.947703
0,0,40.875169,-73.823817
0,0,40.02211,-75.048534
0,0,40.445652,-74.378459
0,0,41.780221,-87.823244
0,0,41.966306,-87.980851
0,0,40.630688,-74.137776
0,0,33.493294,-84.37916
0,0,25.943117,-80.214686
0,0,40.02795,-74.886984
0,0,40.697892,-74.334537
0,0,40.746204,-73.711478
0,0,34.078573,-118.043456
0,0,41.036927,-73.854864
0,0,42.063272,-88.203662
0,0,39.012386,-77.301969
0,0,41.800683,-87.928172
0,0,42.173809,-87.878173
0,0,41.698023,-87.829143
0,0,42.311927,-71.275531
0,0,41.54751,-87.503268
0,0,40.569594,-74.314925
0,0,40.037574,-75.145697
0,0,39.993092,-75.141671
0,0,41.545938,-87.368484
0,0,41.574029,-87.683706
0,0,39.893446,-75.229648
0,0,41.57844,-87.330137
0,0,41.805603,-87.901039
0,0,30.375351,-89.910291
0,0,41.925046,-87.838372
0,0,40.697483,-74.169902
0,0,40.630935,-73.712339
0,0,40.872799,-73.52502
0,0,34.211341,-118.230652
0,0,41.857694,-87.856223
0,0,39.853411,-75.075502
0,0,40.798909,-73.733653
0,0,41.867531,-87.902184
0,0,40.603733,-73.717352
0,0,40.772616,-73.746526
0,0,40.956651,-74.032858
0,0,29.89894,-89.895262
0,0,40.906313,-73.558244
0,0,40.97499,-74.023248
0,0,40.880757,-73.588724
0,0,39.970569,-74.832209
0,0,29.656113,-95.378696
0,0,40.337907,-74.127066
0,0,39.834582,-75.288914
0,0,40.771442,-73.714819
0,0,41.731248,-87.731134
0,0,29.718525,-95.274137
0,0,39.840937,-75.067211
0,0,41.628359,-87.687037
0,0,41.643075,-87.708082
0,0,40.889743,-73.942029
0,0,40.954576,-73.956563
0,0,30.222077,-95.338869
0,0,40.991681,-73.980202
0,0,29.862532,-95.29998
0,0,45.665677,-123.118977
0,0,39.783669,-75.255275
0,0,30.581216,-98.208732
0,0,40.051349,-75.277642
0,0,29.703477,-95.158895
0,0,41.903215,-87.880713
0,0,40.57331,-74.24564
0,0,29.952629,-95.446609
0,0,41.037017,-73.921259
0,0,39.813376,-75.150617
0,0,47.631695,-122.240405
0,0,39.867297,-75.185621
0,0,30.28584,-95.312397
0,0,39.867114,-75.029746
0,0,29.769285,-95.681292
0,0,39.798865,-75.205359
0,0,40.554147,-74.25306
0,0,40.858477,-74.048473
0,0,38.741615,-76.842456
0,0,42.088859,-87.714588
0,0,39.832872,-74.967175
0,0,41.02296,-73.928488
0,0,30.251304,-89.60102
0,0,39.149774,-76.998236
0,0,40.968725,-73.916999
0,0,29.902887,-95.269296
0,0,40.589785,-73.582303
0,0,42.366168,-71.12285
0,0,29.744682,-89.938296
0,0,33.716666,-118.076906
0,0,38.934841,-77.014387
0,0,40.182431,-75.258603
0,0,30.195372,-97.668445
0,0,40.709614,-74.012954
0,0,25.776168,-80.203733
0,0,42.361962,-71.047846
0,0,41.016204,-73.914304
0,0,38.894844,-77.223065
0,0,30.316397,-95.84999
0,0,40.002615,-75.035273
0,0,42.428256,-70.926041
0,0,40.109155,-75.217005
0,0,39.868372,-75.292374
0,0,30.132805,-97.874687
0,0,33.849518,-84.363971
0,0,30.160534,-95.669154
0,0,40.112932,-104.489163
0,0,39.886097,-75.30737
0,0,30.111915,-98.033573
0,0,33.54643,-84.722632
0,0,40.72311,-74.200204
0,0,39.85439,-75.038544
0,0,40.621346,-73.75699
0,0,39.865825,-75.053823
0,0,39.828957,-75.015458
0,0,39.841266,-75.028593
0,0,29.618714,-95.324221
0,0,38.69344,-77.153084
0,0,45.497238,-123.044336
0,0,29.507162,-94.987247
0,0,42.576636,-70.767154
0,0,40.844332,-74.036164
0,0,40.939786,-73.958581
0,0,41.525472,-87.422201
0,0,25.780654,-80.457553
0,0,25.908575,-80.265122
0,0,41.66284,-87.860756
0,0,40.055173,-74.916925
0,0,41.071512,-73.747093
0,0,41.795689,-87.962155
0,0,40.149339,-74.885815
0,0,40.675807,-73.796622
0,0,29.635793,-95.432889
0,0,40.97289,-73.960315
0,0,29.670458,-95.922251
0,0,41.036183,-74.044293
0,0,40.826321,-73.589365
0,0,40.937752,-73.756473
0,0,40.35965,-74.261462
0,0,41.674038,-87.73617
0,0,29.827451,-90.024702
0,0,25.896066,-80.33314
0,0,40.918309,-73.950523
0,0,41.56273,-87.834416
0,0,41.537785,-87.892451
0,0,29.860021,-95.382184
0,0,29.66688,-95.335133
0,0,29.918595,-95.441194
0,0,33.575891,-84.543792
0,0,40.647735,-73.879477
0,0,40.05539,-75.13756
0,0,29.743217,-95.30911
0,0,40.374964,-74.173849
0,0,41.677695,-87.489493
0,0,39.874378,-75.322125
0,0,30.063168,-95.098858
0,0,41.975335,-88.022464
0,0,33.830482,-118.073451
0,0,41.602997,-87.408048
0,0,41.007127,-74.045119
0,0,40.397671,-74.389399
0,0,41.545577,-87.611725
0,0,33.92423,-84.338876
0,0,41.054594,-74.047298
0,0,40.722448,-74.301546
0,0,40.770847,-73.65226
0,0,39.891296,-75.278777
0,0,40.816251,-73.742872
0,0,41.025977,-74.061061
0,0,40.134266,-75.204847
0,0,40.910694,-74.082895
0,0,29.364468,-95.131078
0,0,41.050066,-73.958585
0,0,40.831339,-74.135419
0,0,40.434236,-74.100665
0,0,42.156882,-71.216187
0,0,29.836707,-89.737441
0,0,40.756596,-73.714178
0,0,40.844738,-73.536885
0,0,25.714005,-80.583757
0,0,40.717934,-74.286158
0,0,41.569483,-87.601709
0,0,39.900283,-75.30885
0,0,37.554298,-122.496632
0,0,29.71088,-90.096785
0,0,40.786929,-73.59649
0,0,39.791562,-75.22414
0,0,39.142366,-77.025412
0,0,40.517202,-74.306784
0,0,41.038367,-73.711114
0,0,42.460419,-70.946379
0,0,38.898609,-77.041461
0,0,41.975252,-88.056054
0,0,42.328708,-71.2559
0,0,34.473884,-118.797181
0,0,37.943087,-122.72379
0,0,29.943492,-90.295565
0,0,29.753624,-95.35981
0,0,30.086827,-95.990481
0,0,39.630111,-105.248097
0,0,39.747872,-104.838305
0,0,40.812868,-73.627405
0,0,30.465454,-97.384111
0,0,40.201504,-75.246987
1,0,37.791409,-122.40213
0,0,40.720216,-74.032724
0,0,38.967041,-77.143881
0,0,30.242354,-97.6592
0,0,40.83367,-73.642687
0,0,39.126395,-76.969321
0,0,39.64825,-105.290978
0,0,37.914513,-122.64689
0,0,40.882186,-73.558941
0,0,25.756717,-80.140066
0,0,40.137805,-75.064242
0,0,34.144557,-118.256507
0,0,39.815906,-75.348335
0,0,33.738366,-84.567535
0,0,40.269965,-75.017182
0,0,47.698622,-122.62385
0,0,33.726516,-118.090327
0,0,47.578096,-122.33786
0,0,34.211452,-118.241036
0,0,42.059253,-87.778339
0,0,40.009542,-74.866779
0,0,39.662687,-105.242573
0,0,41.026556,-73.87531
0,0,39.843876,-104.917925
0,0,38.88011,-77.070778
0,0,37.943257,-122.492151
0,0,29.592427,-95.955277
0,0,47.605962,-122.332029
0,0,37.833901,-122.165034
0,0,39.47644,-105.007544
0,0,29.687606,-95.95226
0,0,39.870698,-75.247123
0,0,40.852997,-74.060355
0,0,37.873832,-122.254944
0,0,47.556287,-122.637118
0,0,47.53864,-122.492613
0,0,40.22405,-75.230959
0,0,40.183315,-75.231457
0,0,29.473418,-95.558148
0,0,37.780853,-122.182845
0,0,34.020221,-118.286035
0,0,42.360598,-71.058775
0,0,42.299388,-71.274242
0,0,40.758236,-73.978833
0,0,40.76078,-73.97767
0,0,40.754499,-73.982256
0,0,40.759114,-73.977596
0,0,40.759167,-73.979668
0,0,40.810852,-73.963744
0,0,40.75031,-73.992979
0,0,40.758404,-73.972031
0,0,40.763622,-73.972439
0,0,40.757779,-73.972487
0,0,40.752131,-73.978722
0,0,40.754648,-73.974771
0,0,40.751448,-73.977103
0,0,40.754391,-73.976098
0,0,40.752625,-73.975877
0,0,40.755899,-73.973858
0,0,40.755273,-73.974315
0,0,40.754131,-73.979364
0,0,40.751441,-73.975003
0,0,40.755139,-73.975934
0,0,40.751393,-73.997229
0,0,40.708205,-74.010504
0,0,40.715182,-74.003778
0,0,40.712626,-74.008669
0,0,40.605241,-74.179503
0,0,40.758534,-73.697235
0,0,40.780747,-73.825301
0,0,40.791781,-73.776875
0,0,40.773894,-73.873475
0,0,40.714304,-73.827263
0,0,40.607754,-74.023937
0,0,40.646964,-73.784813
0,0,40.701282,-73.795972
0,0,40.717289,-73.602775
0,0,40.719678,-73.58386
0,0,39.949652,-75.163654
0,0,39.889877,-75.169141
0,0,38.896731,-77.030798
0,0,38.900126,-77.046981
0,0,38.884122,-77.011224
0,0,38.90912,-77.075735
0,0,38.936354,-76.999167
0,0,38.887071,-77.02101
0,0,38.885559,-77.014429
0,0,38.886412,-77.030282
0,0,38.893794,-77.032798
0,0,38.894456,-77.042605
0,0,38.89334,-77.04446
0,0,38.883669,-77.025035
0,0,38.975685,-77.030133
0,0,38.864838,-77.017003
0,0,38.858625,-77.007865
0,0,38.879019,-76.993695
0,0,38.896377,-77.042588
0,0,38.8928,-77.047764
0,0,38.902057,-77.047558
0,0,38.897071,-77.038728
0,0,38.89278,-77.00689
0,0,38.894759,-77.048407
0,0,38.894467,-77.024844
0,0,38.887929,-77.004713
0,0,38.892802,-77.0458
0,0,38.886946,-77.022968
0,0,38.888232,-77.026003
0,0,38.89063,-77.019211
0,0,38.89557,-77.055128
0,0,38.866713,-77.010187
0,0,38.989619,-76.945695
0,0,38.868818,-77.073967
0,0,33.793597,-84.326127
0,0,33.778271,-84.404537
0,0,33.748855,-84.387243
0,0,25.779298,-80.198739
0,0,25.794856,-80.288375
0,0,41.857845,-87.83801
0,0,29.950279,-90.071002
0,0,29.950058,-90.075441
0,0,29.766003,-95.364364
0,0,29.624554,-95.063488
0,0,30.282173,-97.731003
0,0,39.742477,-104.985482
0,0,39.744092,-104.986754
0,0,39.746253,-104.989935
0,0,39.749452,-104.98927
0,0,39.728399,-105.202805
0,0,34.052876,-118.254943
0,0,34.054534,-118.457025
0,0,34.040587,-118.255404
0,0,34.072862,-118.240989
0,0,34.0712,-118.443523
0,0,34.039034,-118.707992
0,0,33.884696,-118.329998
0,0,33.8629,-118.251318
0,0,33.778436,-118.118648
0,0,33.768334,-118.201636
0,0,34.247532,-118.526076
0,0,34.184616,-118.576125
0,0,34.138761,-118.350933
0,0,34.247556,-118.70094
0,0,37.626411,-122.385757
0,0,37.902226,-122.317378
0,0,45.528666,-122.678981
0,0,47.606211,-122.333792
0,0,47.449678,-122.307657
0,0,47.604569,-122.335359
0,0,47.649339,-122.310294
